sa =   0.992308
ia =    99
fi0=   0.756995
fi1=   1.233443
Gam=   0.476448
bet=   0.154820
u0 =   0.245876
gam_a= 3.451234
ja =   197
C1 =   0.747573
mu1=  -0.134882
mu2=   0.126386
mu3=   0.102002
b  =   0.785091
alf=   0.163446
Cx =   0.000000
Cy =   1.213739
Cx1=   0.000006
Cy1=   1.213729
